0.01310425695078088
0.08957824832064532
0.020990523209436063
-0.02574410029161278
0.06174265805266721
0.07965710296504547
0.0668849697184104
0.03510071880891985
-0.013188814554650818
-0.04855073811859789
-0.07667065612020885
-0.04613245289160339
0.09580530885636485
0.04790545024651571
-0.06148577902704311
-0.018031517479233372
-0.01032336539564227
0.023470457689898083
-0.016291513740931407
-0.01398677152528549
-0.1428364679585865
0.06798912031192472
-0.028330225222163108
0.006881807117908423
0.0022527696182468304
0.006328044987650827
-0.06741655202834806
0.11989784423261263
-0.0006627825570646451
-0.0007308109623771486
-0.03432236990984627
0.012562357395342616
0.05730147803319596
0.053839410778294905
-0.014610743702876405
0.032155185687887666
0.0287350204498793
-0.009300736130779086
0.17199931622699793
0.006146914554278737
-0.03439273073831295
0.06422687166849705
-0.008091459862171746
-0.007963521420107256
0.03302690576253653
-0.015564685152469337
0.025998330345091247
0.05790953697417045
-0.00895798388334157
0.07834472683295246
0.003237535895918242
0.025778805311515995
-0.059582289224586304
-0.10432282930234749
0.017738624790100133
-0.05220772695481912
-0.017871403776187123
-0.003258264948149403
-0.0226495038026151
0.0940341118589405
-0.024408320239777126
0.042588370172992995
-0.04029392771582074
0.007640671481713213
0.0003976617211520761
0.045074559305529505
0.021245507000109853
0.047648880486722334
0.02056570087188625
0.032661845800513234
-0.008298564670603525
0.06543518727331588
-0.0324325286108369
-0.05955538953264039
0.017486423711744692
0.035732621767833095
-0.01786248085938169
0.008294230763155497
-0.00038318311748852807
-0.013676090724510814
-0.05368141411109306
0.003640806328665036
-0.03693259011100558
-0.019993708747014338
0.0647021357284352
0.015072845894302134
-0.00048324307288716284
0.03170477656882831
0.020229355976823626
-6.303993906620065e-05
0.0029199895612830318
0.005038670560240988
-0.030644036109366724
0.019869653035794244
0.006971092498416098
-0.016793831432556416
-0.03651922266939067
0.038923326416378856
-0.0012486696394002905
0.026969509595746288
0.005494245896965566
-0.004762820552473457
0.05890404081817202
-0.007086322166690806
0.00290197663453462
-0.02770597663111829
-0.01354881077802439
-0.07720775098240296
-0.009113812466555515
0.014076297918139247
-0.047395170554008104
-0.040106866813390596
-0.011597416751333967
-0.021550972421804815
-0.019672437396543785
0.09613843627770002
0.01845399855768015
-0.003249419470551018
-0.023785394738439436
0.0745470130051551
0.001924852774857655
-0.021069028180559002
0.010434655282136163
-0.07176332086329751
0.07572526296491766
-0.018047182669389983
0.016504542299466962
0.026236090568248827
-0.010698109870332928
-0.0421389013491833
0.015410315579350353
-0.13131283231536273
-0.0010551994891763172
0.003466313805331467
-0.06502839507477987
-0.006458308598647378
-0.06515565396694178
-0.012566703854535177
-0.1556816521149198
0.09945489203663094
-0.0827970826135811
0.004283388567820623
-0.07842907125833776
0.11156135395642153
-0.010446126190865712
0.023788829582306548
-0.02081204020459282
-0.07613538547926524
-0.030639075129387905
0.029922464090594403
0.0448367277482582
-0.016052278152898225
0.02421373662071069
0.04277158206951448
-0.0620863096088069
-0.03705394187893596
0.008312788350195888
-0.0647183822721864
-0.005150048410852648
0.11232628305678283
-0.01869447482009967
0.017373149362976292
-0.04896602294810215
0.09289366182374614
0.03550538578104856
-0.006414161997387424
-0.04655704856886267
-0.006330279337062095
-0.06073069871592374
-0.008160119034368307
0.002190989967346013
-0.11963571434123743
0.02785850472233875
0.03526383836490332
0.028573130714939055
-0.09257222764354545
0.02169263676850086
0.07145692394363046
-0.005887181861181645
0.04072025513375799
-0.024595223222620533
-0.043350670900254684
0.009044634858442535
0.023677249392060062
0.017692474044080697
-0.04524419033302074
0.014781074986148113
-0.009867886343814192
-0.030801353991744662
0.02848636625646961
-0.008976965373094004
0.021987411435022253
-0.033501367211519195
-0.01219839661139055
0.003173963496834631
-0.03050593681157565
-0.014049889549816896
0.004340498856979735
0.008403983777384383
-0.0307097156984959
-0.03437321606345378
0.07568256927170047
0.005185406063572984
0.03908775449256119
0.020522853925553974
0.03139831343365529
0.05209000731673896
0.05803073380393542
0.012384410923955258
0.0008005517595677247
0.05276632303534612
-0.017583192831491345
-0.038191152435100406
-0.01843267095651946
-0.024941173578396203
0.0392873991120517
0.02782331165987273
0.04700891972653842
0.03985645321875708
-0.017711086998808412
0.05527876048489411
-0.01482701189203084
-0.0005006596862546786
-0.025267525708311922
0.07311618168356304
-0.015046947609524963
-0.0016300424032440475
-0.02331313973046889
-0.027582035531635185
0.0012330015175372466
0.04332910191254058
0.054233962580955364
-0.009327696290213794
0.008609811719171745
0.00547620707821217
-0.03772874831112638
0.026371509661037962
-0.04397262298663662
0.04539898369585771
-0.003293116303474619
-0.0015632020374347633
-0.037778892649578566
0.0016028540938055613
0.03562292177583082
0.009794603374851718
0.014523756494154938
-0.0014300524258761271
0.03601216997529022
0.017073688039079826
-0.11738905183610804
-0.022743767787059
0.013495103066238912
-0.033461710805768874
0.007477882649565615
0.018640691268554832
-0.024110089510573474
0.04645620222034985
0.02227555271107029
-0.008087247398648856
-0.010468379369712011
0.020836075151454025
-0.02109251144660007
-0.09420943134919035
-0.05579834215431134
0.06845985993389903
0.030164741957143804
-0.04681782038161941
-0.0027877111821599243
0.011926145498675211
-0.02418995843045124
-0.02728571411759262
0.011772278432967909
0.05308791095108667
0.09404486387698618
-0.009548253711923138
0.011031184711484343
0.01984078896973962
0.04593825397519247
0.07214830374277525
-0.028157800101746844
0.002369525612659018
0.01879215145292079
-0.003987632296063026
0.049764110662412264
-0.026216850266912672
0.023536249005408294
-0.00046949066586776667
0.07171513220658632
-0.011786122068848215
0.010800031076568573
0.007999905115420702
0.0354895441008658
0.026368714140595273
-0.058724607310733035
-0.025108780056832813
0.011038919842345507
-0.007760699223711143
0.034521189638795136
-0.04346053149892448
-0.03166779184518198
0.03617892780504128
0.026282426785902757
-0.006267656349580264
-0.008606613614999148
-0.0058420921152269045
0.03689238996052069
-0.004953113263244546
-0.02382273652072442
-0.0063855022716765575
0.007927489326794657
0.028651423793835562
0.06428289342363236
-0.00886823392628422
-0.0299334406653724
-0.001769988371815856
-0.01094179072767254
0.004622384855702322
0.016402050404344948
-0.027857869993553663
-0.057848366559968056
0.0036600218152589292
-0.05910159342527699
0.021197912092091542
0.027417690892670876
-0.017286533358070955
-0.04178094296503332
0.022154104891809467
-0.006980402493466542
0.030914949709416106
-0.09277292009017124
0.019836655486145105
0.04423154186532585
0.009350269468225036
-0.016074320010691423
0.005422231715987991
-0.012454721930298618
-0.05047079374692487
-0.08800751926070305
0.004298763157907004
0.023369112871435505
0.0016952252291204672
-0.004303236271802291
-0.05726661396623278
-0.007955463658205986
0.043273854309269666
0.015279070586483812
-0.07036070879007639
0.035126907214570124
0.010705483967685225
-0.02582598645094869
-0.030564453513818535
0.013637086828863332
-0.0031381648080710534
0.003825405197645182
0.04281496242687943
-0.00637031561025303
0.04385002083541423
0.0009613756855664235
-0.008416546008231052
0.007387431883911333
-0.0024191382290030816
-0.06219445158294157
-0.024083869845748396
0.014494505196241292
-0.018349140201678438
