   1.182122578531572E-002
   8.829521715518016E-002
   1.970749204397090E-002
  -2.702713145707794E-002
   6.045962688720205E-002
   7.837407179958031E-002
   6.560193855294524E-002
   3.381768764345469E-002
  -1.447184572011598E-002
  -4.983376928406305E-002
  -7.795368728567401E-002
  -4.741548405706855E-002
   9.452227769089969E-002
   4.662241908105055E-002
  -6.276881019250827E-002
  -1.931454864469853E-002
  -1.160639656110743E-002
   2.218742652443292E-002
  -1.757454490639657E-002
  -1.526980269075065E-002
  -1.441194991240517E-001
   6.670608914645956E-002
  -2.961325638762827E-002
   5.598775952443262E-003
   9.697384527816693E-004
   5.045013822185666E-003
  -6.869958319381322E-002
   1.186148130671475E-001
  -1.945813722529806E-003
  -2.013842127842310E-003
  -3.560540107531143E-002
   1.127932622987746E-002
   5.601844686773080E-002
   5.255637961282975E-002
  -1.589377486834157E-002
   3.087215452242251E-002
   2.745198928441414E-002
  -1.058376729624425E-002
   1.707162850615328E-001
   4.863883388813576E-003
  -3.567576190377811E-002
   6.294384050303190E-002
  -9.374491027636907E-003
  -9.246552585572417E-003
   3.174387459707137E-002
  -1.684771631793450E-002
   2.471529917962609E-002
   5.662650580870529E-002
  -1.024101504880673E-002
   7.706169566748730E-002
   1.954504730453081E-003
   2.449577414605084E-002
  -6.086532039005146E-002
  -1.056058604678127E-001
   1.645559362463497E-002
  -5.349075812028428E-002
  -1.915443494165228E-002
  -4.541296113614564E-003
  -2.393253496808026E-002
   9.275108069347535E-002
  -2.569135140524229E-002
   4.130533900752784E-002
  -4.157695888128590E-002
   6.357640316248052E-003
  -8.853694443130850E-004
   4.379152814006435E-002
   1.996247583464469E-002
   4.636584932125717E-002
   1.928266970642109E-002
   3.137881463504808E-002
  -9.581595836068687E-003
   6.415215610785072E-002
  -3.371555977630206E-002
  -6.083842069810555E-002
   1.620339254627953E-002
   3.444959060236794E-002
  -1.914551202484685E-002
   7.011199597690336E-003
  -1.666214282953689E-003
  -1.495912188997598E-002
  -5.496444527655822E-002
   2.357775163199875E-003
  -3.821562127647074E-002
  -2.127673991247950E-002
   6.341910456297004E-002
   1.378981472883697E-002
  -1.766274238352324E-003
   3.042174540336315E-002
   1.894632481135847E-002
  -1.346071104531362E-003
   1.636958395817871E-003
   3.755639394775827E-003
  -3.192706727483188E-002
   1.858662187032908E-002
   5.688061332950937E-003
  -1.807686259802158E-002
  -3.780225383485583E-002
   3.764029525091370E-002
  -2.531700804865452E-003
   2.568647843028113E-002
   4.211214731500405E-003
  -6.045851717938618E-003
   5.762100965270686E-002
  -8.369353332155967E-003
   1.618945469069459E-003
  -2.898900779658345E-002
  -1.483184194348955E-002
  -7.849078214786812E-002
  -1.039684363202068E-002
   1.279326675267409E-002
  -4.867820171947326E-002
  -4.138989797885576E-002
  -1.288044791679913E-002
  -2.283400358726997E-002
  -2.095546856200894E-002
   9.485540511223486E-002
   1.717096739221499E-002
  -4.532450636016179E-003
  -2.506842590390460E-002
   7.326398183968993E-002
   6.418216093924938E-004
  -2.235205934602416E-002
   9.151624116671002E-003
  -7.304635202876267E-002
   7.444223179945250E-002
  -1.933021383485514E-002
   1.522151113400180E-002
   2.495305940278367E-002
  -1.198114103579809E-002
  -4.342193251464846E-002
   1.412728441388519E-002
  -1.325958634808279E-001
  -2.338230654641478E-003
   2.183282639866306E-003
  -6.631142624024503E-002
  -7.741339764112539E-003
  -6.643868513240694E-002
  -1.384973502000034E-002
  -1.569646832803850E-001
   9.817186087116578E-002
  -8.408011377904626E-002
   3.000357402355462E-003
  -7.971210242380292E-002
   1.102783227909564E-001
  -1.172915735633087E-002
   2.250579841684139E-002
  -2.209507137005798E-002
  -7.741841664473040E-002
  -3.192210629485306E-002
   2.863943292512924E-002
   4.355369658279304E-002
  -1.733530931836338E-002
   2.293070545524553E-002
   4.148855090404932E-002
  -6.336934077427206E-002
  -3.833697304440112E-002
   7.029757184730727E-003
  -6.600141343765156E-002
  -6.433079576317809E-003
   1.110432518913177E-001
  -1.997750598556483E-002
   1.609011819751113E-002
  -5.024905411356731E-002
   9.161063065828098E-002
   3.422235461558340E-002
  -7.697193162852585E-003
  -4.784007973432783E-002
  -7.613310502527256E-003
  -6.201372988138890E-002
  -9.443150199833468E-003
   9.079588018808520E-004
  -1.209187455067026E-001
   2.657547355687359E-002
   3.398080719943816E-002
   2.729009954947390E-002
  -9.385525880901061E-002
   2.040960560303570E-002
   7.017389277816530E-002
  -7.170213026646806E-003
   3.943722396829283E-002
  -2.587825438808569E-002
  -4.463370206571984E-002
   7.761603692977374E-003
   2.239421822659490E-002
   1.640944287861554E-002
  -4.652722149848590E-002
   1.349804382068295E-002
  -1.115091750927935E-002
  -3.208438515720982E-002
   2.720333509100445E-002
  -1.025999653855917E-002
   2.070438026955709E-002
  -3.478439837698436E-002
  -1.348142777685571E-002
   1.890932331369470E-003
  -3.178896797704081E-002
  -1.533292071528206E-002
   3.057467691514574E-003
   7.120952611919222E-003
  -3.199274686396106E-002
  -3.565624722891894E-002
   7.439953810623531E-002
   3.902374898107823E-003
   3.780472332709603E-002
   1.923982276008882E-002
   3.011528226819013E-002
   5.080697615127380E-002
   5.674770263847026E-002
   1.110137975849010E-002
  -4.824794058974364E-004
   5.148329186988096E-002
  -1.886622399695651E-002
  -3.947418360056557E-002
  -1.971570212198462E-002
  -2.622420474386136E-002
   3.800436794658654E-002
   2.654028049440757E-002
   4.572588856107326E-002
   3.857342205329192E-002
  -1.899411816427357E-002
   5.399572931942895E-002
  -1.611004305749600E-002
  -1.783690851719840E-003
  -2.655055687377708E-002
   7.183315051809788E-002
  -1.632997877499012E-002
  -2.913073568709209E-003
  -2.459617089593405E-002
  -2.886506669710034E-002
  -5.002964792791449E-005
   4.204607074707542E-002
   5.295093141549020E-002
  -1.061072745567896E-002
   7.326780553706584E-003
   4.193175912747009E-003
  -3.901177947659154E-002
   2.508847849557280E-002
  -4.525565415210178E-002
   4.411595253039255E-002
  -4.576147468939780E-003
  -2.846233202899924E-003
  -3.906192381504373E-002
   3.198229283404002E-004
   3.433989061036566E-002
   8.511572209386557E-003
   1.324072532868978E-002
  -2.713083591341288E-003
   3.472913880982506E-002
   1.579065687361467E-002
  -1.186720830015732E-001
  -2.402679895252416E-002
   1.221207190077375E-002
  -3.474474197123403E-002
   6.194851484100454E-003
   1.735766010308967E-002
  -2.539312067603863E-002
   4.517317105488469E-002
   2.099252154560513E-002
  -9.370278564114017E-003
  -1.175141053517717E-002
   1.955304398598887E-002
  -2.237554261206523E-002
  -9.549246251465551E-002
  -5.708137331977650E-002
   6.717682876843387E-002
   2.888171079167864E-002
  -4.810085154708457E-002
  -4.070742347625085E-003
   1.064311433321005E-002
  -2.547298959591640E-002
  -2.856874528305778E-002
   1.048924726750275E-002
   5.180487978562151E-002
   9.276183271152103E-002
  -1.083128487738830E-002
   9.748153546019182E-003
   1.855775780427446E-002
   4.465522280972731E-002
   7.086527257731010E-002
  -2.944083126721200E-002
   1.086494447193857E-003
   1.750912028745563E-002
  -5.270663461528187E-003
   4.848107949694711E-002
  -2.749988143237783E-002
   2.225321783994314E-002
  -1.752521831332928E-003
   7.043210104112116E-002
  -1.306915323431338E-002
   9.516999911103411E-003
   6.716873949955541E-003
   3.420651293540064E-002
   2.508568297513011E-002
  -6.000763847619819E-002
  -2.639181122229797E-002
   9.755888676880346E-003
  -9.043730389176304E-003
   3.323815847332998E-002
  -4.474356266438964E-002
  -3.295082301064714E-002
   3.489589663957612E-002
   2.499939562043760E-002
  -7.550687515045425E-003
  -9.889644780464309E-003
  -7.125123280692066E-003
   3.560935879505553E-002
  -6.236144428709707E-003
  -2.510576768618958E-002
  -7.668533437141719E-003
   6.644458161329496E-003
   2.736839262837040E-002
   6.299986225816720E-002
  -1.015126509174938E-002
  -3.121647183083756E-002
  -3.053019537281017E-003
  -1.222482189313770E-002
   3.339353690237161E-003
   1.511901923887979E-002
  -2.914090115901882E-002
  -5.913139772543322E-002
   2.376990649793768E-003
  -6.038462459074215E-002
   1.991488092662638E-002
   2.613465972720572E-002
  -1.856956452353611E-002
  -4.306397413049848E-002
   2.087107372634431E-002
  -8.263433658931703E-003
   2.963191854395095E-002
  -9.405595125563640E-002
   1.855362432067995E-002
   4.294851069986069E-002
   8.067238302759875E-003
  -1.735735117615658E-002
   4.139200550522830E-003
  -1.373775309576378E-002
  -5.175382491239003E-002
  -8.929055042616821E-002
   3.015731992441843E-003
   2.208608170597035E-002
   4.121940636553061E-004
  -5.586267437267452E-003
  -5.854964513169794E-002
  -9.238494823671147E-003
   4.199082314380451E-002
   1.399603942101865E-002
  -7.164373995554155E-002
   3.384387604910497E-002
   9.422452802220064E-003
  -2.710901761641385E-002
  -3.184748467928369E-002
   1.235405566339817E-002
  -4.421195973536215E-003
   2.542374032180021E-003
   4.153193126141427E-002
  -7.653346775718191E-003
   4.256698966994907E-002
  -3.216554798987376E-004
  -9.699577173696213E-003
   6.104400718446172E-003
  -3.702169394468243E-003
  -6.347748274840673E-002
  -2.536690101121356E-002
   1.321147403077613E-002
  -1.963217136714360E-002
