        1.000000000000000
  -6.769293975485777E-002
   1.948061947555908E-003
  -1.934356958943952E-002
   8.656770097628955E-002
  -3.598889332136408E-002
   7.289208024052885E-002
  -1.707141218821943E-002
  -5.186651893780458E-002
   2.970884591050989E-002
   5.386299376358270E-002
  -5.563272359076363E-002
  -2.126329669757284E-002
   5.855801025972048E-002
  -6.083422087826047E-003
  -5.119531581233396E-002
   3.106414367689090E-002
   3.127302746467554E-002
  -4.359459722243708E-002
  -7.444716135050764E-003
   4.396880550203947E-002
  -1.487155008611959E-002
  -3.320776488872304E-002
   3.003983959523223E-002
   1.590382988871913E-002
  -3.555955437196598E-002
   2.804307172343707E-003
   3.143558430140022E-002
  -1.802960584160400E-002
  -2.015343610723641E-002
   2.654124439419188E-002
   5.555659718276933E-003
  -2.722100949797542E-002
   8.248183467636040E-003
   2.106658250838790E-002
  -1.796291856641013E-002
  -1.061351498168155E-002
   2.179112533630162E-002
  -9.133735045860143E-004
  -1.965993901791355E-002
   1.050316434052251E-002
