        1.000000000000000
  -6.769293975485777E-002
  -2.646398828674292E-003
  -1.947989226041752E-002
   8.436192344305651E-002
  -2.488377521019355E-002
   6.969552693189497E-002
  -5.488317783219739E-003
  -6.181635113336269E-002
   3.018589093504527E-002
   4.478149802150654E-002
  -4.611452023621424E-002
  -2.268538717131518E-002
   5.199667411832912E-002
  -1.519909890548652E-004
  -4.829718747707835E-002
   1.987281607655137E-002
   3.691916756218218E-002
  -3.363491463047555E-002
  -2.074236305395738E-002
   3.993321600398207E-002
   3.065682505516290E-003
  -3.866434706506602E-002
   1.296796725101995E-002
   3.096832324326837E-002
  -2.486738221673844E-002
  -1.890289208775813E-002
   3.112526815176547E-002
   5.010833477244518E-003
  -3.134762369384759E-002
   8.149889888718767E-003
   2.618821188758197E-002
  -1.843347859842830E-002
  -1.712480540334378E-002
   2.441920505361735E-002
   6.127367880545299E-003
  -2.556714812294876E-002
   4.722075090367185E-003
   2.221038109610810E-002
  -1.359159546965094E-002
  -1.540545289390390E-002
