        1.000000000000000
  -6.396200943772841E-002
   2.976289371265086E-003
  -1.296633308766572E-002
   8.937928443838242E-002
  -6.581509761114360E-003
   5.666023070498771E-002
  -6.560559259658719E-002
  -5.961253819090713E-002
   5.886090520615587E-002
   4.713761405039047E-002
   2.168133668878862E-002
  -9.583076128867925E-002
   4.649241806257368E-002
   2.150948859299599E-002
  -4.126315480248397E-002
  -3.634222788663871E-002
   4.396302444501592E-002
  -7.157822122253177E-002
  -6.947204682898260E-002
   9.225959817866812E-002
  -4.597268681688885E-002
  -1.679709133857082E-002
  -4.273368699730920E-002
   8.339891109409420E-002
  -3.825303035592043E-002
   5.594354524092390E-002
   4.576185677573601E-002
   5.471719157431673E-002
  -4.646618435493988E-002
   3.485620276126644E-002
   6.636114286059555E-002
  -9.660626128982845E-002
   1.154309385143926E-001
   4.741516642448479E-002
  -1.590051835730324E-002
  -7.447224874534039E-002
   9.792816243167618E-002
  -8.139005548147818E-003
  -6.139851284927154E-002
   7.311533298990007E-002
