        1.000000000000000
  -6.396200943772841E-002
  -1.119429019375540E-003
  -1.290014383960819E-002
   8.810464734013308E-002
   4.732147370268825E-003
   5.702940703966412E-002
  -5.754130834033560E-002
  -7.624459410342419E-002
   5.210105823202179E-002
   4.439009964112570E-002
   3.891880092890257E-002
  -8.512641077604026E-002
   3.282708041403123E-002
   2.304279808039914E-002
  -6.082023676429132E-002
  -2.933345666326573E-002
   4.531346310721092E-002
  -5.525697728401838E-002
  -9.126187890787879E-002
   8.033141386828543E-002
  -2.198276832641782E-002
  -1.203298988918975E-002
  -4.902673417438417E-002
   7.306305739867257E-002
  -4.608022106900751E-003
   2.732926376656800E-002
   6.569910396295174E-002
   7.090885817024158E-002
  -3.039869408498582E-002
  -1.145863814811373E-002
   6.557403127855015E-002
  -7.139271307960497E-002
   9.657299347802950E-002
   5.195212120645186E-002
  -7.287684938768759E-003
  -6.224445699122611E-002
   3.008387215254275E-002
   2.135233722865973E-002
  -7.246808596236444E-002
   7.740789935607177E-002
